x1: 1.84643e+09
x2: -0.893039
x3: 1602861201245406208
0 16
0 15
0 14
0 13
0 12
0 11
0 10
0 9
0 8
0 7
0 6
0 5
0 4
0 3
0 2
0 1
0 0
1 16
1 15
1 14
1 13
1 12
1 11
1 10
1 9
1 8
1 7
1 6
1 5
1 4
1 3
1 2
1 1
1 0
2 16
2 15
2 14
2 13
2 12
2 11
2 10
2 9
2 8
2 7
2 6
2 5
2 4
2 3
2 2
2 1
2 0
3 16
3 15
3 14
3 13
3 12
3 11
3 10
3 9
3 8
3 7
3 6
3 5
3 4
3 3
3 2
3 1
3 0
4 16
4 15
4 14
4 13
4 12
4 11
4 10
4 9
4 8
4 7
4 6
4 5
4 4
4 3
4 2
4 1
4 0
5 16
5 15
5 14
5 13
5 12
5 11
5 10
5 9
5 8
5 7
5 6
5 5
5 4
5 3
5 2
5 1
5 0
6 16
6 15
6 14
6 13
6 12
6 11
6 10
6 9
6 8
6 7
6 6
6 5
6 4
6 3
6 2
6 1
6 0
7 16
7 15
7 14
7 13
7 12
7 11
7 10
7 9
7 8
7 7
7 6
7 5
7 4
7 3
7 2
7 1
7 0
8 16
8 15
8 14
8 13
8 12
8 11
8 10
8 9
8 8
8 7
8 6
8 5
8 4
8 3
8 2
8 1
8 0
9 16
9 15
9 14
9 13
9 12
9 11
9 10
9 9
9 8
9 7
9 6
9 5
9 4
9 3
9 2
9 1
9 0
10 16
10 15
10 14
10 13
10 12
10 11
10 10
10 9
10 8
10 7
10 6
10 5
10 4
10 3
10 2
10 1
10 0
11 16
11 15
11 14
11 13
11 12
11 11
11 10
11 9
11 8
11 7
11 6
11 5
11 4
11 3
11 2
11 1
11 0
12 16
12 15
12 14
12 13
12 12
12 11
12 10
12 9
12 8
12 7
12 6
12 5
12 4
12 3
12 2
12 1
12 0
13 16
13 15
13 14
13 13
13 12
13 11
13 10
13 9
13 8
13 7
13 6
13 5
13 4
13 3
13 2
13 1
13 0
14 16
14 15
14 14
14 13
14 12
14 11
14 10
14 9
14 8
14 7
14 6
14 5
14 4
14 3
14 2
14 1
14 0
15 16
15 15
15 14
15 13
15 12
15 11
15 10
15 9
15 8
15 7
15 6
15 5
15 4
15 3
15 2
15 1
15 0
16 16
16 15
16 14
16 13
16 12
16 11
16 10
16 9
16 8
16 7
16 6
16 5
16 4
16 3
16 2
16 1
16 0
17 16
17 15
17 14
17 13
17 12
17 11
17 10
17 9
17 8
17 7
17 6
17 5
17 4
17 3
17 2
17 1
17 0
18 16
18 15
18 14
18 13
18 12
18 11
18 10
18 9
18 8
18 7
18 6
18 5
18 4
18 3
18 2
18 1
18 0
19 16
19 15
19 14
19 13
19 12
19 11
19 10
19 9
19 8
19 7
19 6
19 5
19 4
19 3
19 2
19 1
19 0
20 16
20 15
20 14
20 13
20 12
20 11
20 10
20 9
20 8
20 7
20 6
20 5
20 4
20 3
20 2
20 1
20 0
21 16
21 15
21 14
21 13
21 12
21 11
21 10
21 9
21 8
21 7
21 6
21 5
21 4
21 3
21 2
21 1
21 0
22 16
22 15
22 14
22 13
22 12
22 11
22 10
22 9
22 8
22 7
22 6
22 5
22 4
22 3
22 2
22 1
22 0
23 16
23 15
23 14
23 13
23 12
23 11
23 10
23 9
23 8
23 7
23 6
23 5
23 4
23 3
23 2
23 1
23 0
24 16
24 15
24 14
24 13
24 12
24 11
24 10
24 9
24 8
24 7
24 6
24 5
24 4
24 3
24 2
24 1
24 0
25 16
25 15
25 14
25 13
25 12
25 11
25 10
25 9
25 8
25 7
25 6
25 5
25 4
25 3
25 2
25 1
25 0
26 16
26 15
26 14
26 13
26 12
26 11
26 10
26 9
26 8
26 7
26 6
26 5
26 4
26 3
26 2
26 1
26 0
27 16
27 15
27 14
27 13
27 12
27 11
27 10
27 9
27 8
27 7
27 6
27 5
27 4
27 3
27 2
27 1
27 0
28 16
28 15
28 14
28 13
28 12
28 11
28 10
28 9
28 8
28 7
28 6
28 5
28 4
28 3
28 2
28 1
28 0
29 16
29 15
29 14
29 13
29 12
29 11
29 10
29 9
29 8
29 7
29 6
29 5
29 4
29 3
29 2
29 1
29 0
30 16
30 15
30 14
30 13
30 12
30 11
30 10
30 9
30 8
30 7
30 6
30 5
30 4
30 3
30 2
30 1
30 0
31 16
31 15
31 14
31 13
31 12
31 11
31 10
31 9
31 8
31 7
31 6
31 5
31 4
31 3
31 2
31 1
31 0
1.65187 -0.0944706 2.12089 -0.983458 0.252654 -0.435332 -0.15043 -0.248789 -0.322515 0.315578 0.17541 0.364741 -0.638751 -0.107655 -1.07545 -0.903808 -0.872289 -2.17583 -0.74437 -0.72544 0.844566 -0.53425 -0.741014 -0.271694 0.548062 -1.00395 -0.353001 -0.781925 0.0304025 1.89765 -0.018326 1.24063 -1.0506 0.934434 0.523661 -0.854423 -2.10712 1.32528 0.120108 0.660527 0.347075 -0.431616 1.49877 2.35682 1.06574 0.133365 -0.0920795 -0.224488 0.888287 -1.2433 1.61849 1.28136 0.494498 -1.73225 -1.97532 1.08517 1.13016 0.149916 0.190647 0.61919 -0.146922 0.321911 -0.281176 -1.50314 -0.767965 -0.838377 0.239521 -0.460369 0.877454 -2.53246 -1.33578 0.822127 -0.466809 -0.67876 -1.80792 0.980671 -1.52615 0.265421 0.136307 -0.768839 0.051972 -1.54724 0.198143 -0.237352 0.155329 -0.454319 -0.84053 1.44525 0.796031 0.548522 0.33777 -0.403349 1.34683 0.820525 0.0465183 -0.102287 0.602727 0.438023 1.81013 1.35372 0.267701 -0.885633 0.208774 1.47837 -0.625548 0.686504 -0.615022 -1.10562 1.01696 -0.810032 -2.98222 0.813739 -1.20121 -0.659887 -0.117976 -0.717617 -0.18098 0.485822 1.05666 0.00459327 -0.367394 0.197997 -0.429679 0.53776 -1.65328 0.0673809 -0.132874 -1.65369 -0.581318 -0.951582 0.250838 1.59443 2.25237 2.10679 1.46741 0.530973 -0.494237 1.42214 0.247626 0.194945 0.313057 -0.769268 -0.424719 0.67849 -0.0561618 -0.389016 1.10116 -0.65714 0.216356 0.0809914 -0.806847 0.0689982 -1.66946 0.467726 1.12106 1.1269 1.29524 1.54051 1.37897 -1.54189 0.673946 -0.205593 0.500765 0.427771 -0.672571 -1.90002 -1.48502 -0.607425 0.267435 -0.470098 0.738633 1.3827 -0.539403 -0.00192706 0.986781 0.0119045 2.1105 0.899698 -1.42254 0.566714 0.304972 1.33466 1.54816 0.740105 0.546657 -0.891135 -0.605489 0.88344 -1.7266 -0.380109 1.06701 -0.233644 -2.01638 -0.080481 -0.0149515 0.524496 -1.90121 -0.524084 -0.36275 -0.763412 1.29084 -1.88687 -0.660799 1.67192 -2.53866 -0.712662 -0.425596 -1.95083 -1.37122 0.689719 0.485646 0.587604 -0.425463 1.17508 0.0483998 -0.6525 -1.24475 0.873064 0.41426 0.0836288 -0.20297 -0.404832 -0.973915 -1.34787 1.70471 0.73905 -0.39116 -1.33349 -1.28139 0.628499 -0.255683 0.97445 0.938794 0.476865 1.5527 -0.470568 -0.483628 2.02861 -0.150198 0.403985 -0.483852 0.112854 -0.604744 0.982054 2.31994 0.275304 -0.536315 -0.228551 -0.544879 0.840565 -1.24255 1.33694 -0.534629 0.788218 -0.0144887 0.121246 -0.29252 0.737875 0.829583 -0.0618504 0.441952 -1.12713 0.386144 -1.56143 0.657466 0.422163 -0.0204889 -0.646801 -1.06012 2.03277 1.63938 1.20529 -1.37533 0.164831 0.299499 -0.315308 -0.290856 -0.293943 0.870502 -0.00491123 1.18516 -1.25752 -0.102277 0.419464 2.09807 0.982404 -0.571246 -1.32369 -0.214706 0.422214 -0.542148 0.503484 -0.784212 1.54466 1.11118 -1.3891 0.63815 2.47767 0.603422 -1.63249 -0.421398 0.242791 0.906374 -1.37893 -0.414952 -0.940585 0.0912966 -1.37668 -1.038 0.85741 1.35487 -1.08172 -0.49294 -0.652017 -0.0941071 0.140579 -1.14082 -0.0244562 0.201732 1.91699 -0.127604 0.986516 0.0127596 -0.447919 0.668891 -1.42846 1.24375 2.1722 -0.981798 1.05857 -0.868009 -1.95508 2.50711 -0.240598 -0.0817609 0.17354 -0.0757225 0.268704 -1.85015 0.404441 -0.541285 0.697195 0.71251 0.0868479 -1.26652 0.0994518 -0.00400213 1.49489 -0.319236 0.663346 -0.919022 -1.38441 -0.77042 0.168785 -1.95427 0.106137 0.0427898 0.336278 1.01669 0.553414 -1.0571 -0.683985 1.61047 1.17318 1.52842 1.44927 -1.21242 0.72363 0.767239 0.360506 1.49787 0.295532 0.628822 -0.0433321 0.443642 -1.60757 1.15181 0.00386892 -0.821594 -0.267489 1.41264 -0.289039 -0.30299 -0.32729 0.313489 -0.289125 -0.365873 -0.562292 0.500823 -0.938253 0.504242 -0.0943194 0.246747 2.38058 1.4692 -1.54123 -0.288295 -1.57985 1.69124 -0.559238 0.561566 -1.32794 0.785446 0.175985 -0.391668 -0.153212 -1.19632 -1.69723 1.219 -1.31968 -0.309757 2.05785 0.444773 -0.237469 -0.273911 0.159092 -0.597042 -0.325027 -1.14722 -0.911276 1.48751 -2.08563 0.59282 0.372033 1.04552 0.570211 0.0747132 0.778994 -0.181323 -0.0195979 1.57016 1.24757 1.30291 1.33445 -0.217832 -0.803243 -0.447019 -1.77803 1.11628 -0.276699 -1.4766 0.531648 1.13943 0.49025 0.344708 -1.00596 0.0408254 -0.163666 0.0541424 -1.08368 -1.13766 -1.36291 0.220585 -0.312751 -1.62792 -2.12278 0.219758 1.08832 0.767457 1.30193 -0.297358 -0.348765 -0.0338647 0.0901853 2.12841 -1.09346 -0.994201 -0.49716 -0.255252 0.755275 0.518392 0.409302 -0.107327 -1.24838 -0.609661 -0.921157 0.255686 -0.614874 0.0963769 -0.48315 -1.33722 0.118005 1.34824 0.0422175 1.08591 0.0237539 0.369744 -0.292414 -0.0891719 -0.228593 -0.51026 1.21762 -0.878408 0.376402 -0.236261 0.687948 -1.28576 1.67521 -0.701257 0.457528 -0.936376 -0.0627029 -0.362978 -0.477827 -0.0242704 0.59751 -1.83357 0.239272 -0.183707 0.775804 -0.697533 -0.388999 1.457 -0.0122688 -1.23692 -0.312969 -1.47833 0.316712 -0.0159811 0.96017 0.87652 -0.273064 0.180518 -0.95177 -1.11756 1.68783 1.362 -1.14177 0.232785 -0.901804 0.560871 2.35097 1.40002 -2.20347 -0.28223 0.248046 -0.486093 0.463047 -1.9116 -1.10995 -0.237148 0.531156 0.781634 -0.0802264 1.32141 1.3214 0.418495 0.132289 -0.684845 0.34554 0.0531944 -2.39687 1.03506 -0.912831 1.10337 -0.678938 0.102909 0.787403 0.350135 0.314483 2.21773 1.42162 -2.37475 1.17958 0.407833 0.12132 2.49337 -1.31728 0.347019 -0.133516 -0.445256 0.0252714 1.91602 1.34803 -0.0689286 -0.270479 -1.4909 -0.120805 -0.261592 0.0817704 -1.08526 -0.220684 1.40123 -0.0634883 0.538274 -0.638196 1.16574 -0.451489 -0.408383 -0.830468 -1.05976 -0.026187 0.154502 2.44753 -1.48419 -0.884746 0.102324 0.564784 -1.6613 1.30004 0.94015 0.686692 -2.20487 0.63235 0.19488 -1.01492 0.690585 -0.8006 1.30093 0.366572 0.653755 -0.587695 -1.80073 -0.195963 0.172812 -1.47272 0.666714 0.477631 0.339658 -0.170079 -0.959501 0.258956 0.52928 -0.50504 -1.47794 0.375866 -1.21259 -1.5569 0.0243264 0.731837 0.833893 -1.12006 1.76309 0.0390615 0.092453 -0.871162 -0.0265121 -1.39304 -0.83169 -0.265891 1.78475 -0.883856 0.875957 -2.07857 0.0833764 -0.630976 0.561023 0.657308 0.286532 -0.377968 1.62289 2.79951 -0.996909 -0.73012 -0.0633132 0.721785 0.896089 -0.231382 -0.0305132 -0.207012 -1.17387 -1.47278 0.411385 -1.56954 0.57975 1.4426 0.0600693 0.145327 -0.906647 -0.477573 -0.177578 0.570281 -1.31227 -0.0929358 1.767 -0.250178 1.02475 0.180369 -0.0830978 -0.832637 -0.0599998 -0.0114349 0.226948 -1.16168 -0.914882 -0.0525653 -0.337276 1.05712 -0.866562 0.109433 0.529538 -0.204951 1.42158 0.650287 2.03273 -0.982444 0.468965 -0.523691 0.0265875 -1.9518 0.869465 1.21484 -0.463195 1.81911 -0.368576 1.78499 1.31314 -1.37815 0.121527 1.51824 -0.00493458 -1.36436 0.452178 1.53512 -0.344927 -0.677124 -1.29507 0.185464 1.98949 -1.56541 -0.0578913 -0.921452 0.802534 1.09716 -0.851746 -1.49998 -1.73356 0.419797 0.945364 0.0209306 -0.551136 -0.143519 -0.0562146 0.187548 1.78603 -1.33272 -0.766782 -2.74026 0.892078 0.545596 0.956405 -0.344906 -1.07248 0.646589 -0.126627 0.246731 -0.362667 0.367606 -1.11229 -0.200033 0.704327 0.938878 0.86468 1.33261 1.07741 0.0881176 -1.10266 -1.22423 0.316819 -0.886819 -0.268766 1.3639 0.765258 -0.0128549 -1.23301 0.23969 1.38034 0.339915 0.802273 -0.471341 1.50577 -1.34329 -0.613281 0.079002 -0.561993 0.552612 -0.00146797 -0.280763 -0.601282 0.273476 1.84325 -1.63876 0.141262 0.960632 2.42012 -0.635314 -0.183373 0.0279164 -0.936003 0.23648 1.49383 2.05375 0.536732 -0.341545 -0.249555 -1.20488 -0.96464 -0.33529 0.933884 -0.655455 -0.750746 -0.0870456 -2.40354 -2.37545 -1.87847 -0.188684 -0.652549 1.17131 0.503702 1.31045 0.327512 -1.12787 -1.28431 0.501305 0.619734 0.331488 1.85022 0.37472 1.10619 -0.767174 -0.176827 0.443784 -0.0441676 -1.80965 -1.08414 -0.726676 1.21187 0.360748 1.28981 0.926668 0.391144 0.707507 0.282466 -0.447609 0.279022 -0.478002 0.216575 0.880182 0.465186 -1.12428 1.38313 0.273568 -0.143753 -0.459629 -0.488171 -1.44015 1.38437 1.26184 -0.201387 0.788058 0.389863 -0.893329 0.273005 0.814861 0.0150248 0.858447 -0.75047 0.214641 -2.00177 -0.643118 0.0875031 1.02915 -0.358017 1.18156 -1.71537 -0.0693071 0.801147 -0.830944 2.07636 0.284277 0.956434 -0.379569 0.856134 -0.842511 0.589094 -2.0075 -0.005354 0.762385 0.285113 0.694318 -1.46448 0.682803 0.54724 -0.855502 -0.497416 -1.10354 -0.28018 1.48927 1.16087 -0.769925 -2.81563 1.99038 0.153016 -0.423837 -0.541822 0.865154 -1.78786 -0.252481 -0.91449 1.0733 -0.472634 -0.478436 -0.40888 1.77859 -1.11801 -0.906654 0.756427 0.329576 -0.791956 0.521004 2.46984 1.08145 1.30361 0.664496 0.979252 -0.589764 -0.339408 -0.558691 0.393008 -1.07652 0.916956 -0.316668 -0.382943 -1.26936 0.175126 0.398328 0.0793354 0.0787024 0.14105 -1.70782 0.692127 -0.237326 -0.163265 0.0784248 0.311853 -0.439786 -1.6054 0.182449 -0.310843 -0.358003 -0.0939217 1.09862 -2.70463 1.0363 -0.432293 1.48424 0.585571 -1.02584 0.157259 -0.288343 -1.3936 -0.068656 3.1015 0.630663 -1.07717 -0.984785 0.661011 -0.63932 -0.824521 0.976236 0.0422334 0.0950825 -0.24709 0.480011 -0.709359 1.05279 -2.06312 0.797032 -0.746419 1.21194 -0.467252 -1.04878 0.216608 -2.03835 -1.33384 -0.194835 -0.268469 -0.0402352 0.0397323 -0.0310365 -0.249215 1.77275 0.383916 -0.719525 1.40395 0.828296 0.46495 -1.57991 -0.260858 0.31917 0.00123877 0.969438 0.15137 0.426737 -2.88562 0.961743 -1.02632 -0.431154 1.2399 -1.88639 -1.62147 0.760963 -0.249626 0.839207 -1.68627 1.0601 -1.01388 0.108599 -1.17834 -0.430614 0.070758 1.49749 1.23055 0.799981 -2.48389 1.0525 1.48078 -0.103347 -0.565967 -0.372325 0.830856 -0.322421 -1.09204 0.611486 
